2.36108398437500 3.51672954015595
2.36108 3.51673
2.04638671875000 4.44482778855883
2.04639 4.44483
3.69604492187500 -2.63396691878445
3.69604 -2.63397
2.13842773437500 4.21439200359663
2.13843 4.21439
1.87133789062500 4.77570782991230
1.87134 4.77571
3.74938964843750 -2.85640631312987
3.74939 -2.85641
3.82385253906250 -3.15114711082819
3.82385 -3.15115
2.81518554687500 1.60321557504920
2.81519 1.60322
2.51269531250000 2.93993560616666
2.5127 2.93994
1.78479003906250 4.88691484210016
1.78479 4.88691
0.32409667968750 1.59094141773550
0.324097 1.59094
1.26245117187500 4.76471455225346
1.26245 4.76471
2.85876464843750 1.39531414790253
2.85876 1.39531
1.09716796875000 4.44936164735016
1.09717 4.44936
1.72766113281250 4.93840312048828
1.72766 4.9384
2.54016113281250 2.82788239762653
2.54016 2.82788
2.97985839843750 0.80390585086386
2.97986 0.803906
1.09997558593750 4.45586532835889
1.09998 4.45587
3.78869628906250 -3.01338840827151
3.7887 -3.01339
1.71630859375000 4.94586648673416
1.71631 4.94587
2.02075195312500 4.50172651241599
2.02075 4.50173
1.87951660156250 4.76499000598461
1.87952 4.76499
1.31250000000000 4.83523868348090
1.3125 4.83524
2.32067871093750 3.65919197669963
2.32068 3.65919
0.27954101562500 1.38005685020224
0.279541 1.38006
2.89709472656250 1.21003037253443
2.89709 1.21003
0.48400878906250 2.32749695540971
0.484009 2.3275
3.29736328125000 -0.77673831194690
3.29736 -0.776738
1.78479003906250 4.88438724210016
1.78479 4.88439
2.19274902343750 4.06443080153864
2.19275 4.06443
3.69531250000000 -2.62843142812699
3.69531 -2.62843
2.45825195312500 3.15654173989986
2.45825 3.15654
1.37438964843750 4.90341435913706
1.37439 4.90341
0.08862304687500 0.44116732099223
0.088623 0.441167
2.87451171875000 1.31796857118752
2.87451 1.31797
0.43591308593750 2.11195857931987
0.435913 2.11196
0.27343750000000 1.35159208359293
0.273438 1.35159
3.39111328125000 -1.23315850515607
3.39111 -1.23316
1.31323242187500 4.83432831317429
1.31323 4.83433
1.13696289062500 4.53668413626561
1.13696 4.53668
2.17224121093750 4.12172445357560
2.17224 4.12172
2.09521484375000 4.32837741088930
2.09521 4.32838
3.99499511718750 -3.76863560372405
3.995 -3.76864
0.69506835937500 3.20296270852933
0.695068 3.20296
1.80468750000000 4.86444292984737
1.80469 4.86444
2.58654785156250 2.63651918468582
2.58655 2.63652
0.42346191406250 2.05329359358491
0.423462 2.05329
0.92395019531250 3.99022697231396
0.92395 3.99023
2.02612304687500 4.49111239537928
2.02612 4.49111
1.34521484375000 4.87419574854772
1.34521 4.8742
3.95056152343750 -3.61747573415141
3.95056 -3.61748
3.27075195312500 -0.64416645180872
3.27075 -0.644166
3.39184570312500 -1.23843937084368
3.39185 -1.23844
3.14855957031250 -0.03511070181446
3.14856 -0.0351107
3.60412597656250 -2.23037985173245
3.60413 -2.23038
3.26904296875000 -0.63611826831099
3.26904 -0.636118
2.23461914062500 3.93844496598006
2.23462 3.93844
3.77478027343750 -2.95920422489722
3.77478 -2.9592
0.41662597656250 2.02327687221230
0.416626 2.02328
1.49169921875000 4.98448537161914
1.4917 4.98449
1.24353027343750 4.73612761598334
1.24353 4.73613
1.20507812500000 4.66868379322885
1.20508 4.66868
0.25305175781250 1.25169374326925
0.253052 1.25169
3.00476074218750 0.68102353801763
3.00476 0.681024
0.54150390625000 2.57733681597068
0.541504 2.57734
3.32775878906250 -0.92407232512835
3.32776 -0.924072
3.13891601562500 0.01441037384357
3.13892 0.0144104
1.31958007812500 4.84200280205727
1.31958 4.842
1.26379394531250 4.76690869618555
1.26379 4.76691
0.14111328125000 0.70245848422017
0.141113 0.702458
1.08862304687500 4.43070086728698
1.08862 4.4307
2.84667968750000 1.45435977395422
2.84668 1.45436
1.63586425781250 4.98787884480662
1.63586 4.98788
0.45617675781250 2.20234172484910
0.456177 2.20234
0.43347167968750 2.10121180921225
0.433472 2.10121
3.84851074218750 -3.24840157497306
3.84851 -3.2484
1.55175781250000 4.99754546480430
1.55176 4.99755
1.10009765625000 4.45661116153995
1.1001 4.45661
0.64965820312500 3.02294485718137
0.649658 3.02294
3.89294433593750 -3.41458833978968
3.89294 -3.41459
3.65209960937500 -2.44384013504661
3.6521 -2.44384
0.61938476562500 2.90387682300254
0.619385 2.90388
1.68664550781250 4.96777102721835
1.68665 4.96777
3.80590820312500 -3.08340781336606
3.80591 -3.08341
2.90209960937500 1.18513335248601
2.9021 1.18513
1.48291015625000 4.98048407850341
1.48291 4.98048
3.79504394531250 -3.04112576698292
3.79504 -3.04113
0.12487792968750 0.62128837288664
0.124878 0.621288
0.66979980468750 3.10460898585137
0.6698 3.10461
0.78503417968750 3.53487139501234
0.785034 3.53487
3.85510253906250 -3.27186856912743
3.8551 -3.27187
0.05163574218750 0.25907289807209
0.0516357 0.259073
3.30444335937500 -0.80999714989704
3.30444 -0.809997
1.44848632812500 4.96356306100671
1.44849 4.96356
0.20422363281250 1.01245053904275
0.204224 1.01245
0.90600585937500 3.93502460922640
0.906006 3.93502
1.21411132812500 4.68577664350574
1.21411 4.68578
3.92810058593750 -3.53842005371996
3.9281 -3.53842
1.96582031250000 4.61438327100937
1.96582 4.61438
2.07849121093750 4.36905276536729
2.07849 4.36905
